1546905626381
1546905626381
1546905626381
1546905626381
1546905626381
1546905626381
1546905626381
1546905626381
1546905626381
1546905626381
1546905626381
1546905626381
1546905626381
1546905626381
1546905626381
1546905626381
1546905626381
1546905626381
1546905626381
1546905626381
1546905626381
1546905626381
1546905626381
1546905626382
1546905626382
1546905626382
1546905626382
1546905626382
1546905626382
1546905626382
1546905626382
1546905626382
1546905626382
1546905626382
1546905626382
1546905626382
1546905626382
1546905626382
1546905626382
1546905626382
1546905626382
1546905626382
1546905626382
1546905626382
1546905626382
1546905626382
1546905626382
1546905626382
1546905626382
1546905626382
1546905626382
1546905626382
1546905626382
1546905626382
1546905626382
1546905626382
1546905626382
1546905626382
1546905626382
1546905626382
1546905626382
1546905626382
1546905626382
1546905626382
1546905626382
1546905626382
1546905626382
1546905626382
1546905626382
1546905626382
1546905626382
1546905626382
1546905626382
1546905626382
1546905626382
1546905626382
1546905626382
1546905626382
1546905626382
1546905626382
1546905626382
1546905626382
1546905626382
1546905626382
1546905626387
1546905626387
1546905626387
1546905626387
1546905626387
1546905626387
1546905626387
1546905626387
1546905626387
1546905626387
1546905626387
1546905626387
1546905626387
1546905626387
1546905626387
1546905626387
1546905626387
1546905626387
1546905626387
1546905626387
1546905626387
1546905626387
1546905626387
1546905626387
1546905626387
1546905626387
1546905626387
1546905626387
1546905626387
1546905626387
1546905626387
1546905626387
1546905626387
1546905626387
1546905626387
1546905626387
1546905626387
1546905626387
1546905626387
1546905626387
1546905626387
1546905626387
1546905626387
1546905626387
1546905626387
1546905626387
1546905626387
1546905626387
1546905626387
1546905626387
1546905626387
1546905626387
1546905626387
1546905626387
1546905626387
1546905626387
1546905626387
1546905626387
1546905626387
1546905626387
1546905626387
1546905626387
1546905626387
1546905626387
1546905626387
1546905626387
1546905626387
1546905626387
1546905626387
1546905626387
1546905626387
1546905626387
1546905626387
1546905626387
1546905626387
1546905626387
1546905626387
1546905626387
1546905626387
1546905626387
1546905626387
1546905626387
1546905626387
1546905626387
1546905626387
1546905626387
1546905626387
1546905626387
1546905626387
1546905626387
1546905626387
1546905626387
1546905626387
1546905626387
1546905626388
1546905626388
1546905626388
1546905626388
1546905626388
1546905626388
1546905626388
1546905626388
1546905626388
1546905626388
1546905626388
1546905626388
1546905626388
1546905626388
1546905626388
1546905626388
1546905626388
1546905626388
1546905626388
1546905626388
1546905626388
1546905626388
1546905626388
1546905626388
1546905626388
1546905626388
1546905626388
1546905626388
1546905626388
1546905626388
1546905626388
1546905626388
1546905626388
1546905626388
1546905626388
1546905626388
1546905626388
1546905626388
1546905626388
1546905626388
1546905626388
1546905626388
1546905626388
1546905626388
1546905626388
1546905626388
1546905626388
1546905626389
1546905626389
1546905626389
1546905626389
1546905626389
1546905626389
1546905626389
1546905626389
1546905626389
1546905626389
1546905626389
1546905626389
1546905626389
1546905626389
1546905626389
1546905626389
1546905626389
1546905626389
1546905626389
1546905626389
1546905626389
1546905626389
1546905626389
1546905626389
1546905626389
1546905626389
1546905626389
1546905626389
1546905626389
1546905626389
1546905626389
1546905626389
1546905626389
1546905626389
1546905626389
1546905626389
1546905626389
1546905626389
1546905626389
1546905626389
1546905626389
1546905626389
1546905626389
1546905626389
1546905626389
1546905626390
1546905626390
1546905626390
1546905626390
1546905626390
1546905626390
1546905626390
1546905626390
1546905626390
1546905626390
1546905626390
1546905626390
1546905626390
1546905626390
1546905626390
1546905626390
1546905626390
1546905626390
1546905626390
1546905626390
1546905626390
1546905626390
1546905626390
1546905626390
1546905626390
1546905626390
1546905626390
1546905626390
1546905626390
1546905626390
1546905626390
1546905626390
1546905626390
1546905626390
1546905626390
1546905626390
1546905626390
1546905626390
1546905626390
1546905626390
1546905626390
1546905626390
1546905626390
1546905626390
1546905626390
1546905626390
1546905626390
1546905626390
1546905626390
1546905626390
1546905626390
1546905626390
1546905626390
1546905626390
1546905626391
1546905626391
1546905626391
1546905626391
1546905626391
1546905626391
1546905626391
1546905626391
1546905626391
1546905626391
1546905626391
1546905626391
1546905626391
1546905626391
1546905626391
1546905626391
1546905626391
1546905626391
1546905626391
1546905626391
1546905626391
1546905626391
1546905626391
1546905626391
1546905626391
1546905626391
1546905626391
1546905626391
1546905626391
1546905626391
1546905626391
1546905626391
1546905626391
1546905626391
1546905626391
1546905626391
1546905626391
1546905626391
1546905626391
1546905626391
1546905626391
1546905626391
1546905626392
1546905626392
1546905626392
1546905626392
1546905626392
1546905626392
1546905626392
1546905626392
1546905626392
1546905626392
1546905626392
1546905626392
1546905626392
1546905626392
1546905626392
1546905626392
1546905626392
1546905626392
1546905626392
1546905626392
1546905626392
1546905626392
1546905626392
1546905626392
1546905626392
1546905626392
1546905626392
1546905626392
1546905626392
1546905626392
1546905626392
1546905626392
1546905626392
1546905626392
1546905626392
1546905626392
1546905626392
1546905626392
1546905626393
1546905626393
1546905626393
1546905626393
1546905626393
1546905626393
1546905626393
1546905626393
1546905626393
1546905626393
1546905626393
1546905626393
1546905626393
1546905626393
1546905626393
1546905626393
1546905626393
1546905626393
1546905626393
1546905626393
1546905626393
1546905626393
1546905626393
1546905626393
1546905626393
1546905626393
1546905626393
1546905626393
1546905626393
1546905626393
1546905626393
1546905626393
1546905626393
1546905626393
1546905626393
1546905626393
1546905626393
1546905626393
1546905626393
1546905626393
1546905626393
1546905626393
1546905626393
1546905626393
1546905626393
1546905626393
1546905626393
1546905626393
1546905626393
1546905626393
1546905626393
1546905626393
1546905626393
1546905626393
1546905626393
1546905626393
1546905626393
1546905626393
1546905626393
1546905626394
1546905626394
1546905626394
1546905626394
1546905626394
1546905626394
1546905626394
1546905626394
1546905626394
1546905626394
1546905626394
1546905626394
1546905626394
1546905626394
1546905626394
1546905626394
1546905626394
1546905626394
1546905626394
1546905626394
1546905626394
1546905626394
1546905626394
1546905626394
1546905626394
1546905626394
1546905626394
1546905626394
1546905626394
1546905626394
1546905626394
1546905626394
1546905626394
1546905626394
1546905626394
1546905626394
1546905626394
1546905626394
1546905626394
1546905626394
1546905626394
1546905626394
1546905626394
1546905626394
1546905626394
1546905626394
1546905626394
1546905626394
1546905626394
1546905626394
1546905626394
1546905626394
1546905626394
1546905626394
1546905626394
1546905626394
1546905626394
1546905626394
1546905626394
1546905626394
1546905626394
1546905626395
1546905626395
1546905626395
1546905626395
1546905626395
1546905626395
1546905626395
1546905626395
1546905626395
1546905626395
1546905626395
1546905626395
1546905626395
1546905626395
1546905626395
1546905626395
1546905626395
1546905626395
1546905626395
1546905626395
1546905626395
1546905626395
1546905626395
1546905626395
1546905626395
1546905626395
1546905626395
1546905626395
1546905626395
1546905626395
1546905626395
1546905626395
1546905626395
1546905626395
1546905626395
1546905626395
1546905626395
1546905626395
1546905626395
1546905626395
1546905626395
1546905626395
1546905626395
1546905626395
1546905626395
1546905626395
1546905626395
1546905626395
1546905626396
1546905626396
1546905626396
1546905626396
1546905626396
1546905626396
1546905626396
1546905626396
1546905626396
1546905626396
1546905626396
1546905626396
1546905626396
1546905626396
1546905626396
1546905626396
1546905626396
1546905626396
1546905626396
1546905626396
1546905626396
1546905626396
1546905626396
1546905626396
1546905626396
1546905626396
1546905626396
1546905626396
1546905626396
1546905626396
1546905626396
1546905626396
1546905626396
1546905626396
1546905626396
1546905626396
1546905626396
1546905626401
1546905626401
1546905626401
1546905626401
1546905626401
1546905626401
1546905626401
1546905626401
1546905626401
1546905626401
1546905626401
1546905626401
1546905626401
1546905626401
1546905626401
1546905626401
1546905626401
1546905626401
1546905626401
1546905626401
1546905626401
1546905626401
1546905626401
1546905626401
1546905626401
1546905626401
1546905626401
1546905626401
1546905626401
1546905626401
1546905626401
1546905626401
1546905626401
1546905626401
1546905626402
1546905626402
1546905626402
1546905626402
1546905626402
1546905626402
1546905626402
1546905626402
1546905626402
1546905626402
1546905626402
1546905626402
1546905626402
1546905626402
1546905626402
1546905626402
1546905626402
1546905626402
1546905626402
1546905626402
1546905626402
1546905626402
1546905626402
1546905626402
1546905626402
1546905626402
1546905626402
1546905626402
1546905626402
1546905626402
1546905626402
1546905626402
1546905626402
1546905626402
1546905626402
1546905626402
1546905626402
1546905626402
1546905626402
1546905626402
1546905626402
1546905626402
1546905626402
1546905626402
1546905626402
1546905626402
1546905626402
1546905626402
1546905626402
1546905626402
1546905626403
1546905626403
1546905626403
1546905626403
1546905626403
1546905626403
1546905626403
1546905626403
1546905626403
1546905626403
1546905626403
1546905626403
1546905626403
1546905626403
1546905626403
1546905626403
1546905626403
1546905626403
1546905626403
1546905626403
1546905626403
1546905626403
1546905626403
1546905626403
1546905626403
1546905626403
1546905626403
1546905626403
1546905626403
1546905626403
1546905626403
1546905626403
1546905626403
1546905626403
1546905626404
1546905626404
1546905626404
1546905626404
1546905626404
1546905626404
1546905626404
1546905626404
1546905626404
1546905626404
1546905626404
1546905626404
1546905626404
1546905626404
1546905626404
1546905626404
1546905626404
1546905626404
1546905626404
1546905626404
1546905626404
1546905626404
1546905626404
1546905626404
1546905626404
1546905626404
1546905626404
1546905626404
1546905626404
1546905626404
1546905626404
1546905626404
1546905626404
1546905626404
1546905626404
1546905626405
1546905626405
1546905626405
1546905626405
1546905626405
1546905626405
1546905626405
1546905626405
1546905626405
1546905626405
1546905626405
1546905626405
1546905626405
1546905626405
1546905626405
1546905626405
1546905626405
1546905626405
1546905626405
1546905626405
1546905626405
1546905626405
1546905626406
1546905626406
1546905626406
1546905626406
1546905626406
1546905626406
1546905626406
1546905626406
1546905626406
1546905626406
1546905626406
1546905626406
1546905626406
1546905626406
1546905626406
1546905626406
1546905626406
1546905626406
1546905626406
1546905626406
1546905626406
1546905626406
1546905626406
1546905626406
1546905626406
1546905626406
1546905626406
1546905626407
1546905626407
1546905626407
1546905626407
1546905626407
1546905626407
1546905626407
1546905626407
1546905626407
1546905626407
1546905626407
1546905626407
1546905626407
1546905626407
1546905626407
1546905626407
1546905626407
1546905626407
1546905626407
1546905626407
1546905626407
1546905626407
1546905626407
1546905626407
1546905626407
1546905626407
1546905626407
1546905626407
1546905626407
1546905626407
1546905626407
1546905626407
1546905626407
1546905626407
1546905626407
1546905626407
1546905626407
1546905626407
1546905626407
1546905626407
1546905626407
1546905626407
1546905626407
1546905626407
1546905626407
1546905626408
1546905626408
1546905626408
1546905626408
1546905626408
1546905626408
1546905626408
1546905626408
1546905626408
1546905626408
1546905626408
1546905626408
1546905626408
1546905626408
1546905626408
1546905626408
1546905626408
1546905626408
1546905626408
1546905626408
1546905626408
1546905626408
1546905626408
1546905626408
1546905626413
1546905626413
1546905626413
1546905626413
1546905626413
1546905626413
1546905626413
1546905626413
1546905626413
1546905626413
1546905626413
1546905626413
1546905626413
1546905626413
1546905626413
1546905626413
1546905626413
1546905626413
1546905626413
1546905626413
1546905626413
1546905626413
1546905626413
1546905626413
1546905626413
1546905626413
1546905626413
1546905626413
1546905626413
1546905626413
1546905626413
1546905626413
1546905626413
1546905626413
1546905626413
1546905626413
1546905626413
1546905626413
1546905626413
1546905626413
1546905626413
1546905626413
1546905626413
1546905626413
1546905626413
1546905626413
1546905626413
1546905626413
1546905626413
1546905626414
1546905626414
1546905626414
1546905626414
1546905626414
1546905626414
1546905626414
1546905626414
1546905626414
1546905626414
1546905626414
1546905626414
1546905626414
1546905626414
1546905626414
1546905626414
1546905626414
1546905626414
1546905626414
1546905626414
1546905626414
1546905626414
1546905626414
1546905626414
1546905626414
1546905626414
1546905626414
1546905626414
1546905626414
1546905626414
1546905626414
1546905626414
1546905626414
1546905626414
1546905626414
1546905626414
1546905626414
1546905626414
1546905626414
1546905626416
1546905626416
1546905626416
1546905626416
1546905626416
1546905626416
1546905626416
1546905626416
1546905626416
1546905626416
1546905626416
1546905626416
1546905626416
1546905626416
1546905626416
1546905626416
1546905626416
1546905626416
1546905626416
1546905626416
1546905626416
1546905626416
1546905626416
1546905626416
1546905626416
1546905626416
1546905626416
1546905626416
1546905626416
1546905626416
1546905626416
1546905626416
1546905626416
1546905626416
1546905626416
1546905626416
1546905626416
1546905626417
1546905626417
1546905626417
1546905626417
1546905626417
1546905626417
1546905626417
1546905626417
1546905626417
1546905626417
1546905626417
1546905626417
1546905626417
1546905626417
1546905626417
1546905626417
1546905626417
1546905626417
1546905626417
1546905626417
1546905626417
1546905626417
1546905626417
1546905626417
1546905626417
1546905626417
1546905626417
1546905626417
1546905626417
1546905626417
1546905626417
1546905626417
1546905626417
1546905626417
1546905626417
1546905626417
1546905626417
1546905626418
1546905626418
1546905626418
1546905626418
1546905626418
1546905626418
1546905626418
1546905626418
1546905626418
1546905626418
1546905626418
1546905626418
1546905626418
1546905626418
1546905626418
1546905626418
1546905626418
1546905626418
1546905626418
1546905626418
1546905626418
1546905626418
1546905626418
1546905626418
1546905626418
1546905626418
1546905626418
1546905626418
1546905626418
1546905626418
1546905626418
1546905626418
1546905626418
1546905626418
1546905626419
1546905626419
1546905626419
1546905626419
1546905626419
1546905626419
1546905626419
1546905626419
1546905626419
1546905626419
1546905626419
1546905626428
1546905626428
1546905626428
1546905626428
1546905626428
1546905626428
1546905626428
1546905626428
1546905626428
1546905626428
1546905626428
1546905626428
1546905626428
1546905626428
1546905626428
1546905626428
1546905626428
1546905626428
1546905626428
1546905626428
1546905626428
1546905626428
1546905626428
1546905626428
1546905626428
1546905626428
1546905626428
1546905626428
1546905626428
1546905626429
1546905626429
1546905626429
1546905626429
1546905626429
1546905626429
1546905626429
1546905626429
1546905626429
1546905626429
1546905626429
1546905626429
1546905626429
1546905626429
1546905626429
1546905626429
1546905626429
1546905626429
1546905626429
1546905626429
1546905626429
1546905626429
1546905626429
1546905626429
1546905626429
1546905626429
1546905626429
1546905626429
1546905626429
1546905626430
1546905626430
1546905626430
1546905626430
1546905626430
1546905626430
1546905626430
1546905626430
1546905626430
1546905626430
1546905626430
1546905626430
1546905626430
1546905626430
1546905626430
1546905626430
1546905626430
1546905626430
1546905626430
1546905626430
1546905626430
1546905626430
1546905626430
1546905626430
1546905626430
1546905626430
1546905626430
1546905626430
1546905626431
1546905626431
1546905626431
1546905626431
1546905626431
1546905626431
1546905626431
1546905626431
1546905626431
1546905626431
1546905626431
1546905626431
1546905626431
1546905626431
1546905626431
1546905626431
1546905626431
1546905626431
1546905626431
1546905626431
1546905626431
1546905626431
1546905626431
1546905626431
1546905626431
1546905626431
1546905626431
1546905626431
1546905626431
1546905626431
1546905626432
1546905626432
1546905626432
1546905626432
1546905626432
1546905626432
1546905626432
1546905626432
1546905626432
1546905626432
1546905626432
1546905626432
1546905626432
1546905626432
1546905626432
1546905626432
1546905626432
1546905626432
1546905626432
1546905626432
1546905626432
1546905626432
1546905626432
1546905626432
1546905626432
1546905626432
1546905626432
1546905626432
1546905626432
1546905626432
1546905626433
1546905626433
1546905626433
1546905626433
1546905626433
1546905626433
1546905626433
1546905626433
1546905626433
1546905626433
1546905626433
1546905626433
1546905626433
1546905626433
1546905626433
1546905626433
1546905626433
1546905626433
1546905626433
1546905626433
1546905626433
1546905626433
1546905626433
1546905626433
1546905626433
1546905626433
1546905626433
1546905626433
1546905626433
1546905626433
1546905626433
1546905626438
1546905626438
1546905626438
1546905626438
1546905626438
1546905626438
1546905626438
1546905626438
1546905626438
1546905626438
1546905626438
1546905626438
1546905626438
1546905626438
1546905626438
1546905626438
1546905626438
1546905626438
1546905626438
1546905626438
1546905626439
1546905626439
1546905626439
1546905626439
1546905626439
1546905626439
1546905626439
1546905626439
1546905626439
1546905626439
1546905626439
1546905626439
1546905626439
1546905626439
1546905626439
1546905626439
1546905626439
1546905626439
1546905626440
1546905626440
1546905626440
1546905626440
1546905626440
1546905626440
1546905626440
1546905626440
1546905626440
1546905626440
1546905626440
1546905626440
1546905626440
1546905626440
1546905626440
1546905626440
1546905626440
1546905626441
1546905626441
1546905626441
1546905626441
1546905626441
1546905626441
1546905626441
1546905626441
1546905626441
1546905626441
1546905626441
1546905626442
1546905626442
1546905626442
1546905626442
1546905626442
1546905626442
1546905626442
1546905626442
1546905626442
1546905626442
1546905626442
1546905626442
1546905626442
1546905626442
1546905626442
1546905626442
1546905626442
1546905626442
1546905626442
1546905626442
1546905626442
1546905626442
1546905626442
1546905626442
1546905626442
1546905626442
1546905626442
1546905626442
1546905626442
1546905626442
1546905626443
1546905626443
1546905626443
1546905626443
1546905626443
1546905626443
1546905626443
1546905626443
1546905626443
1546905626443
1546905626443
1546905626443
1546905626443
1546905626443
1546905626443
1546905626443
1546905626443
1546905626443
1546905626443
1546905626443
1546905626443
1546905626443
1546905626443
1546905626443
1546905626443
1546905626443
1546905626443
1546905626444
1546905626444
1546905626444
1546905626444
1546905626444
1546905626444
1546905626444
1546905626444
1546905626444
1546905626444
1546905626444
1546905626444
1546905626444
1546905626444
1546905626444
1546905626444
1546905626444
1546905626444
1546905626444
1546905626444
1546905626444
1546905626444
1546905626444
1546905626444
1546905626444
1546905626444
1546905626444
1546905626444
1546905626445
1546905626445
1546905626445
1546905626445
1546905626445
1546905626445
1546905626449
1546905626449
1546905626449
1546905626449
1546905626449
1546905626449
1546905626450
1546905626450
1546905626450
1546905626450
1546905626450
1546905626450
1546905626450
1546905626450
1546905626450
1546905626450
1546905626450
1546905626450
1546905626450
1546905626450
1546905626450
1546905626450
1546905626450
1546905626450
1546905626450
1546905626450
1546905626450
1546905626450
1546905626450
1546905626450
1546905626450
1546905626451
1546905626451
1546905626451
1546905626451
1546905626451
1546905626451
1546905626451
1546905626451
1546905626451
1546905626451
1546905626451
1546905626451
1546905626451
1546905626451
1546905626451
1546905626451
1546905626451
1546905626451
1546905626451
1546905626451
1546905626451
1546905626451
1546905626451
1546905626451
1546905626451
1546905626451
1546905626451
1546905626452
1546905626452
1546905626452
1546905626452
1546905626452
1546905626452
1546905626452
1546905626452
1546905626452
1546905626452
1546905626452
1546905626452
1546905626452
1546905626452
1546905626452
1546905626452
1546905626452
1546905626452
1546905626452
1546905626452
1546905626452
1546905626452
1546905626452
1546905626452
1546905626453
1546905626453
1546905626453
1546905626453
1546905626453
1546905626453
1546905626453
1546905626453
1546905626453
1546905626453
1546905626453
1546905626453
1546905626453
1546905626453
1546905626453
1546905626453
1546905626453
1546905626453
1546905626453
1546905626453
1546905626453
1546905626453
1546905626453
1546905626453
1546905626453
1546905626454
1546905626454
1546905626454
1546905626454
1546905626454
1546905626454
1546905626454
1546905626454
1546905626454
1546905626454
1546905626454
1546905626454
1546905626454
1546905626454
1546905626455
1546905626455
1546905626455
1546905626455
1546905626455
1546905626455
1546905626455
1546905626455
1546905626455
1546905626455
1546905626455
1546905626455
1546905626455
1546905626455
1546905626455
1546905626455
1546905626455
1546905626456
1546905626456
1546905626456
1546905626456
1546905626462
1546905626462
1546905626462
1546905626462
1546905626462
1546905626462
1546905626462
1546905626462
1546905626462
1546905626462
1546905626463
1546905626463
1546905626463
1546905626463
1546905626463
1546905626463
1546905626463
1546905626463
1546905626463
1546905626463
1546905626463
1546905626463
1546905626463
1546905626463
1546905626463
1546905626463
1546905626463
1546905626463
1546905626463
1546905626463
1546905626463
1546905626463
1546905626463
1546905626463
1546905626463
1546905626463
1546905626464
1546905626464
1546905626464
1546905626464
1546905626464
1546905626464
1546905626464
1546905626464
1546905626464
1546905626464
1546905626464
1546905626464
1546905626464
1546905626464
1546905626464
1546905626464
1546905626464
1546905626464
1546905626464
1546905626464
1546905626464
1546905626464
1546905626464
1546905626465
1546905626465
1546905626465
1546905626465
1546905626465
1546905626465
1546905626465
1546905626465
1546905626465
1546905626465
1546905626465
1546905626465
1546905626465
1546905626465
1546905626465
1546905626465
1546905626465
1546905626465
1546905626465
1546905626465
1546905626465
1546905626465
1546905626465
1546905626466
1546905626466
1546905626466
1546905626466
1546905626466
1546905626466
1546905626466
1546905626466
1546905626466
1546905626466
1546905626466
1546905626466
1546905626466
1546905626466
1546905626466
1546905626466
1546905626466
1546905626466
1546905626466
1546905626466
1546905626466
1546905626467
1546905626467
1546905626467
1546905626467
1546905626467
1546905626467
1546905626467
1546905626467
1546905626467
1546905626467
1546905626467
1546905626467
1546905626467
1546905626467
1546905626467
1546905626467
1546905626467
1546905626467
1546905626467
1546905626467
1546905626467
1546905626467
1546905626468
1546905626468
1546905626468
1546905626468
1546905626468
1546905626475
1546905626475
1546905626475
1546905626475
1546905626475
1546905626475
1546905626475
1546905626475
1546905626475
1546905626475
1546905626475
1546905626475
1546905626475
1546905626475
1546905626475
1546905626475
1546905626475
1546905626476
1546905626476
1546905626476
1546905626476
1546905626476
1546905626476
1546905626476
1546905626476
1546905626476
1546905626476
1546905626476
1546905626476
1546905626476
1546905626476
1546905626476
1546905626476
1546905626476
1546905626476
1546905626476
1546905626476
1546905626476
1546905626476
1546905626476
1546905626477
1546905626477
1546905626477
1546905626477
1546905626477
1546905626477
1546905626477
1546905626477
1546905626477
1546905626477
1546905626477
1546905626477
1546905626477
1546905626477
1546905626477
1546905626477
1546905626477
1546905626477
1546905626477
1546905626477
1546905626477
1546905626478
1546905626478
1546905626478
1546905626478
1546905626478
1546905626478
1546905626478
1546905626478
1546905626478
1546905626478
1546905626478
1546905626478
1546905626478
1546905626478
1546905626478
1546905626478
1546905626478
1546905626478
1546905626478
1546905626478
1546905626478
1546905626479
1546905626479
1546905626479
1546905626479
1546905626479
1546905626479
1546905626479
1546905626479
1546905626479
1546905626479
1546905626479
1546905626479
1546905626479
1546905626479
1546905626479
1546905626479
1546905626479
1546905626479
1546905626479
1546905626479
1546905626480
1546905626480
1546905626480
1546905626480
1546905626480
1546905626480
1546905626480
1546905626480
1546905626480
1546905626480
1546905626480
1546905626480
1546905626480
1546905626480
1546905626480
1546905626480
1546905626480
1546905626480
1546905626480
1546905626480
1546905626487
1546905626487
1546905626487
1546905626487
1546905626487
1546905626487
1546905626488
1546905626488
1546905626488
1546905626488
1546905626488
1546905626488
1546905626488
1546905626488
1546905626488
1546905626488
1546905626488
1546905626488
1546905626489
1546905626489
1546905626489
1546905626489
1546905626489
1546905626489
1546905626489
1546905626489
1546905626489
1546905626489
1546905626489
1546905626489
1546905626490
1546905626490
1546905626490
1546905626490
1546905626490
1546905626490
1546905626490
1546905626491
1546905626491
1546905626491
1546905626491
1546905626491
1546905626491
1546905626491
1546905626491
1546905626491
1546905626491
1546905626492
1546905626492
1546905626492
1546905626492
1546905626492
1546905626492
1546905626492
1546905626492
1546905626492
1546905626492
1546905626492
1546905626492
1546905626492
1546905626492
1546905626492
1546905626492
1546905626492
1546905626493
1546905626493
1546905626493
1546905626493
1546905626493
1546905626493
1546905626493
1546905626493
1546905626493
1546905626493
1546905626493
1546905626493
1546905626493
1546905626493
1546905626493
1546905626493
1546905626493
1546905626493
1546905626493
1546905626494
1546905626494
1546905626494
1546905626494
1546905626494
1546905626494
1546905626494
1546905626494
1546905626494
1546905626494
1546905626494
1546905626494
1546905626494
1546905626494
1546905626494
1546905626494
1546905626494
1546905626495
1546905626495
1546905626495
1546905626495
1546905626495
1546905626495
1546905626495
1546905626495
1546905626495
1546905626495
1546905626495
1546905626495
1546905626495
1546905626495
1546905626495
1546905626500
1546905626500
1546905626500
1546905626500
1546905626500
1546905626500
1546905626501
1546905626501
1546905626501
1546905626501
1546905626501
1546905626501
1546905626501
1546905626501
1546905626501
1546905626501
1546905626501
1546905626501
1546905626501
1546905626501
1546905626501
1546905626501
1546905626501
1546905626502
1546905626502
1546905626502
1546905626502
1546905626502
1546905626502
1546905626502
1546905626502
1546905626502
1546905626502
1546905626502
1546905626502
1546905626502
1546905626502
1546905626502
1546905626502
1546905626503
1546905626503
1546905626503
1546905626503
1546905626503
1546905626503
1546905626503
1546905626503
1546905626503
1546905626503
1546905626503
1546905626503
1546905626503
1546905626504
1546905626504
1546905626504
1546905626504
1546905626504
1546905626504
1546905626504
1546905626504
1546905626504
1546905626504
1546905626504
1546905626504
1546905626505
1546905626505
1546905626505
1546905626505
1546905626505
1546905626505
1546905626505
1546905626505
1546905626505
1546905626505
1546905626506
1546905626506
1546905626506
1546905626506
1546905626506
1546905626506
1546905626506
1546905626506
1546905626506
1546905626506
1546905626506
1546905626506
1546905626507
1546905626507
1546905626507
1546905626507
1546905626507
1546905626507
1546905626507
1546905626507
1546905626507
1546905626507
1546905626507
1546905626507
1546905626507
1546905626507
1546905626507
1546905626507
1546905626507
1546905626507
1546905626507
1546905626507
1546905626508
1546905626508
1546905626508
1546905626512
1546905626512
1546905626512
1546905626512
1546905626512
1546905626513
1546905626513
1546905626513
1546905626513
1546905626513
1546905626513
1546905626513
1546905626513
1546905626513
1546905626513
1546905626513
1546905626513
1546905626513
1546905626513
1546905626513
1546905626513
1546905626513
1546905626513
1546905626513
1546905626513
1546905626513
1546905626513
1546905626514
1546905626514
1546905626514
1546905626514
1546905626514
1546905626514
1546905626514
1546905626514
1546905626514
1546905626514
1546905626514
1546905626514
1546905626514
1546905626514
1546905626514
1546905626514
1546905626514
1546905626514
1546905626515
1546905626515
1546905626515
1546905626515
1546905626515
1546905626515
1546905626515
1546905626515
1546905626515
1546905626515
1546905626515
1546905626515
1546905626515
1546905626515
1546905626515
1546905626515
1546905626515
1546905626515
1546905626515
1546905626516
1546905626516
1546905626516
1546905626516
1546905626516
1546905626516
1546905626516
1546905626516
1546905626516
1546905626516
1546905626516
1546905626516
1546905626516
1546905626516
1546905626516
1546905626516
1546905626516
1546905626516
1546905626517
1546905626517
1546905626517
1546905626517
1546905626517
1546905626517
1546905626517
1546905626517
1546905626517
1546905626517
1546905626517
1546905626517
1546905626517
1546905626517
1546905626517
1546905626517
1546905626517
1546905626517
1546905626518
1546905626518
1546905626525
1546905626525
1546905626525
1546905626525
1546905626525
1546905626525
1546905626525
1546905626525
1546905626526
1546905626526
1546905626526
1546905626526
1546905626526
1546905626526
1546905626526
1546905626526
1546905626526
1546905626526
1546905626526
1546905626526
1546905626526
1546905626526
1546905626526
1546905626526
1546905626526
1546905626527
1546905626527
1546905626527
1546905626527
1546905626527
1546905626527
1546905626527
1546905626527
1546905626527
1546905626527
1546905626527
1546905626527
1546905626527
1546905626527
1546905626527
1546905626527
1546905626527
1546905626528
1546905626528
1546905626528
1546905626528
1546905626528
1546905626528
1546905626528
1546905626528
1546905626528
1546905626528
1546905626528
1546905626528
1546905626528
1546905626528
1546905626528
1546905626528
1546905626529
1546905626529
1546905626529
1546905626529
1546905626529
1546905626529
1546905626529
1546905626529
1546905626529
1546905626529
1546905626529
1546905626529
1546905626529
1546905626529
1546905626529
1546905626529
1546905626529
1546905626529
1546905626530
1546905626530
1546905626530
1546905626530
1546905626530
1546905626530
1546905626530
1546905626530
1546905626530
1546905626530
1546905626530
1546905626530
1546905626530
1546905626530
1546905626530
1546905626530
1546905626531
1546905626531
1546905626531
1546905626531
1546905626531
1546905626531
1546905626537
1546905626537
1546905626537
1546905626537
1546905626537
1546905626537
1546905626537
1546905626537
1546905626538
1546905626538
1546905626538
1546905626538
1546905626538
1546905626538
1546905626538
1546905626538
1546905626538
1546905626539
1546905626539
1546905626539
1546905626539
1546905626539
1546905626539
1546905626539
1546905626539
1546905626539
1546905626539
1546905626539
1546905626539
1546905626539
1546905626540
1546905626540
1546905626540
1546905626540
1546905626540
1546905626540
1546905626540
1546905626540
1546905626540
1546905626540
1546905626540
1546905626540
1546905626540
1546905626540
1546905626540
1546905626540
1546905626540
1546905626541
1546905626541
1546905626541
1546905626541
1546905626541
1546905626541
1546905626541
1546905626541
1546905626541
1546905626541
1546905626541
1546905626541
1546905626541
1546905626541
1546905626541
1546905626541
1546905626542
1546905626542
1546905626542
1546905626542
1546905626542
1546905626542
1546905626542
1546905626542
1546905626542
1546905626542
1546905626542
1546905626542
1546905626542
1546905626542
1546905626542
1546905626542
1546905626543
1546905626543
1546905626543
1546905626543
1546905626543
1546905626543
1546905626543
1546905626543
1546905626543
1546905626543
1546905626543
1546905626543
1546905626543
1546905626543
1546905626543
1546905626543
1546905626548
1546905626548
1546905626548
1546905626548
1546905626548
1546905626548
1546905626548
1546905626548
1546905626548
1546905626548
1546905626549
1546905626549
1546905626549
1546905626549
1546905626549
1546905626549
1546905626549
1546905626549
1546905626549
1546905626549
1546905626549
1546905626549
1546905626549
1546905626549
1546905626549
1546905626549
1546905626549
1546905626550
1546905626550
1546905626550
1546905626550
1546905626550
1546905626550
1546905626550
1546905626550
1546905626550
1546905626550
1546905626550
1546905626550
1546905626550
1546905626550
1546905626550
1546905626550
1546905626551
1546905626551
1546905626551
1546905626551
1546905626551
1546905626551
1546905626551
1546905626551
1546905626551
1546905626551
1546905626551
1546905626551
1546905626551
1546905626551
1546905626551
1546905626551
1546905626551
1546905626552
1546905626552
1546905626552
1546905626552
1546905626552
1546905626552
1546905626552
1546905626552
1546905626552
1546905626552
1546905626552
1546905626552
1546905626552
1546905626552
1546905626552
1546905626553
1546905626553
1546905626553
1546905626553
1546905626553
1546905626553
1546905626553
1546905626553
1546905626553
1546905626553
1546905626554
1546905626554
1546905626554
1546905626554
1546905626554
1546905626561
1546905626561
1546905626561
1546905626561
1546905626561
1546905626561
1546905626561
1546905626561
1546905626561
1546905626561
1546905626562
1546905626562
1546905626562
1546905626562
1546905626562
1546905626562
1546905626562
1546905626562
1546905626562
1546905626562
1546905626562
1546905626562
1546905626562
1546905626562
1546905626562
1546905626562
1546905626563
1546905626563
1546905626563
1546905626563
1546905626563
1546905626563
1546905626563
1546905626563
1546905626563
1546905626563
1546905626563
1546905626563
1546905626563
1546905626563
1546905626563
1546905626563
1546905626564
1546905626564
1546905626564
1546905626564
1546905626564
1546905626564
1546905626564
1546905626564
1546905626564
1546905626564
1546905626564
1546905626564
1546905626564
1546905626565
1546905626565
1546905626565
1546905626565
1546905626565
1546905626565
1546905626565
1546905626565
1546905626565
1546905626565
1546905626565
1546905626565
1546905626565
1546905626565
1546905626565
1546905626566
1546905626566
1546905626566
1546905626566
1546905626566
1546905626566
1546905626566
1546905626566
1546905626566
1546905626566
1546905626566
1546905626566
1546905626566
1546905626566
1546905626566
1546905626566
1546905626567
1546905626567
1546905626576
1546905626576
1546905626576
1546905626576
1546905626576
1546905626576
1546905626576
1546905626577
1546905626577
1546905626577
1546905626577
1546905626577
1546905626577
1546905626577
1546905626577
1546905626577
1546905626577
1546905626577
1546905626577
1546905626577
1546905626577
1546905626577
1546905626578
1546905626578
1546905626578
1546905626578
1546905626578
1546905626578
1546905626578
1546905626578
1546905626578
1546905626578
1546905626579
1546905626579
1546905626579
1546905626579
1546905626579
1546905626579
1546905626579
1546905626579
1546905626579
1546905626579
1546905626579
1546905626579
1546905626579
1546905626580
1546905626580
1546905626580
1546905626580
1546905626580
1546905626580
1546905626580
1546905626580
1546905626580
1546905626580
1546905626580
1546905626580
1546905626580
1546905626580
1546905626580
1546905626581
1546905626581
1546905626581
1546905626581
1546905626581
1546905626581
1546905626581
1546905626581
1546905626581
1546905626581
1546905626581
1546905626581
1546905626581
1546905626582
1546905626582
1546905626582
1546905626582
1546905626582
1546905626582
1546905626582
1546905626582
1546905626582
1546905626582
1546905626582
1546905626582
1546905626588
1546905626588
1546905626588
1546905626588
1546905626588
1546905626588
1546905626589
1546905626589
1546905626589
1546905626589
1546905626589
1546905626589
1546905626589
1546905626589
1546905626589
1546905626590
1546905626590
1546905626590
1546905626590
1546905626590
1546905626590
1546905626590
1546905626590
1546905626591
1546905626591
1546905626591
1546905626591
1546905626591
1546905626591
1546905626591
1546905626592
1546905626592
1546905626592
1546905626592
1546905626592
1546905626592
1546905626592
1546905626592
1546905626592
1546905626592
1546905626592
1546905626593
1546905626593
1546905626593
1546905626593
1546905626593
1546905626593
1546905626593
1546905626593
1546905626593
1546905626593
1546905626593
1546905626593
1546905626594
1546905626594
1546905626594
1546905626594
1546905626594
1546905626594
1546905626594
1546905626594
1546905626594
1546905626594
1546905626594
1546905626594
1546905626594
1546905626594
1546905626595
1546905626595
1546905626595
1546905626595
1546905626595
1546905626595
1546905626595
1546905626595
1546905626595
1546905626595
1546905626595
1546905626595
1546905626595
1546905626595
1546905626596
1546905626600
1546905626600
1546905626600
1546905626600
1546905626601
1546905626601
1546905626601
1546905626601
1546905626601
1546905626601
1546905626601
1546905626601
1546905626601
1546905626601
1546905626601
1546905626601
1546905626601
1546905626601
1546905626602
1546905626602
1546905626602
1546905626602
1546905626602
1546905626602
1546905626602
1546905626602
1546905626602
1546905626602
1546905626602
1546905626602
1546905626602
1546905626602
1546905626603
1546905626603
1546905626603
1546905626603
